118
64
955
87
780
927
95
305
519
664
885
417
267
978
82
514
419
412
188
313
666
690
867
286
213
294
562
495
681
744
1018
178
359
442
234
682
925
618
229
958
596
843
614
534
633
72
427
606
388
38
668
1020
469
143
152
940
533
849
406
93
702
941
510
292
775
312
489
109
205
922
811
1022
512
379
876
831
667
736
530
296
696
520
523
872
322
304
324
144
480
953
278
146
139
620
435
528
1003
493
131
601
426
273
713
988
985
678
766
68
829
891
269
263
646
338
647
623
956
447
503
496
363
74
448
111
360
502
791
844
148
428
291
1005
42
476
538
758
546
456
622
748
715
67
529
808
921
989
887
582
814
1017
997
498
333
970
331
882
933
240
123
964
314
586
716
378
616
84
898
541
437
382
527
943
650
6
306
58
440
676
135
754
542
1001
627
773
345
812
735
497
717
36
719
214
477
189
996
327
211
604
932
769
857
491
645
186
337
443
198
70
403
920
919
501
457
833
804
130
700
2
478
580
544
777
272
276
78
819
928
389
617
279
397
1014
149
364
610
251
381
642
1008
565
728
969
167
376
592
585
901
230
411
114
62
615
207
89
203
300
194
11
181
974
233
32
215
500
755
399
949
515
465
851
630
732
201
884
77
823
511
429
856
486
1009
673
768
793
320
683
180
461
265
558
670
778
770
550
133
798
1010
822
548
594
707
767
53
4
212
903
138
797
261
847
385
5
860
73
739
850
559
570
318
710
603
762
224
416
663
521
441
400
256
289
863
845
323
505
16
661
102
108
107
301
449
725
18
293
1012
458
97
444
852
912
405
703
47
290
801
685
339
91
475
788
518
535
714
638
692
990
792
600
156
597
321
340
806
899
284
446
555
1011
424
686
104
749
436
28
468
839
473
973
430
347
745
896
170
772
125
237
328
816
543
39
986
253
185
726
218
742
942
206
916
641
1023
409
120
352
587
30
65
117
589
76
190
410
280
470
439
624
709
35
22
17
975
59
217
902
494
282
0
557
54
693
763
886
875
929
994
132
105
689
968
803
393
560
92
679
161
450
396
999
485
743
136
757
846
192
631
336
705
235
759
60
805
9
258
407
271
391
859
274
127
45
966
937
174
402
888
944
865
90
245
740
972
383
590
110
855
369
254
952
23
671
228
800
950
341
765
802
52
418
782
303
612
80
219
169
79
980
1016
861
27
124
264
722
954
310
432
662
61
796
930
1006
199
295
783
540
868
545
101
225
660
259
392
85
832
654
471
815
83
987
472
962
21
302
825
147
249
164
463
106
753
911
554
977
12
890
157
29
10
349
63
569
223
299
55
202
517
938
173
20
86
351
913
513
460
810
1
751
25
150
591
936
24
415
729
176
159
688
680
145
873
632
738
818
311
210
869
799
907
51
140
635
7
1021
904
634
343
687
1000
979
574
809
795
983
134
151
297
438
1007
401
917
335
776
840
992
250
3
572
380
255
897
154
353
889
870
48
871
923
910
536
877
112
948
525
232
283
934
394
993
883
864
566
19
115
939
268
752
747
611
423
326
8
648
926
858
285
945
452
981
830
967
672
171
643
779
637
575
346
874
734
244
568
200
414
655
226
236
43
556
358
395
995
33
506
838
309
706
366
98
881
549
116
88
390
771
914
1004
179
330
848
281
629
547
168
639
571
316
99
431
730
75
421
621
737
66
842
373
691
892
129
824
935
370
900
487
595
26
184
906
828
564
172
553
522
959
1019
386
761
613
931
266
724
56
377
247
466
991
607
317
651
162
694
422
451
760
507
684
288
947
657
71
13
277
46
965
183
166
137
459
539
813
208
361
298
371
488
193
701
531
807
499
579
827
723
287
524
398
984
384
1002
786
924
784
490
653
821
50
573
853
781
241
260
905
576
636
113
354
404
482
372
81
895
720
552
532
141
764
34
374
142
484
216
951
619
711
704
191
319
677
94
474
408
119
741
308
599
733
270
961
746
971
31
37
578
462
787
626
252
640
598
551
348
464
963
41
563
433
175
750
508
209
909
57
567
262
246
387
307
731
222
367
836
434
721
1015
658
817
355
584
239
837
880
675
492
350
44
652
356
835
834
879
231
774
878
425
826
649
96
893
785
334
593
794
121
699
315
413
325
196
15
957
365
516
918
577
998
197
329
697
177
481
453
227
665
165
483
609
960
698
257
160
49
915
602
344
375
841
221
163
479
561
342
504
103
158
718
445
195
122
243
204
669
862
69
894
790
581
908
187
644
588
625
976
248
708
420
332
659
712
455
362
153
656
866
695
674
608
40
820
946
126
789
357
756
605
467
14
100
727
454
854
1013
628
128
242
155
583
526
982
182
275
509
220
537
238
368